100
200

101
300

500
100

105
100

503
100

100
404

100
400

200
100

502
100

100
403

511
100

504
100

102
100

100
400

200
100

514
100

104
100

100
402

503
100

100
401

513
100

100
404

100
404

505
100

100
400

200
100

509
100

100
403

100
402

515
100

506
100

106
100

100
401

100
401

516
100

100
400

200
100

502
100

516
100

507
100

106
100

100
404

100
401

100
400

200
100

502
100

100
401

100
401

100
403

517
100

512
100

504
100

100
401

510
100

100
402

516
100

100
400

200
100

507
100

100
401

506
100

508
100

100
404

100
400

200
100

100
402

106
100

503
100

100
403

100
403

100
404

507
100

100
401

103
106
401
100

503
100

508
100

106
100

100
403

100
400

200
100

100
402

501
100

106
100

100
401

506
100

400
401
402
403
404

500
501
502
503
504
505
506
507
508
509
510
511
512
513
514
515
516
517

300

